1029 1097
2911 1568
1029 2509
983 1040
2865 1510
983 2452
1029 1001
2912 1471
1029 2412
1058 1058
2941 1529
1058 2470
1029 1099
2912 1569
1029 2510
983 1041
2866 1512
983 2453
1029 1002
2911 1472
1029 2413
1058 1059
2940 1530
1058 2471
1029 1099
2911 1570
1029 2511
983 1042
2865 1512
983 2454
1028 1000
2910 1471
1028 2412
1057 1058
2939 1529
1057 2470
1028 1098
2910 1569
1028 2510
982 1041
2864 1511
982 2452
2926 1475
1024 2426
2070 2901
2950 1523
1048 2474
2094 2950
2926 1557
1024 2508
2070 2983
2887 1509
985 2460
2031 2935
2926 1476
1024 2427
2070 2902
2950 1524
1049 2475
2095 2950
2926 1558
1024 2509
2070 2984
2887 1510
986 2460
2032 2936
2926 1476
1024 2427
2070 2903
2950 1525
1048 2475
2094 2951
2926 1558
1024 2509
2070 2985
2887 1510
985 2461
2031 2936
2925 1475
1023 2426
2069 2902
2949 1524
1048 2475
2094 2950
2925 1558
1023 2509
2069 2984
2886 1509
985 2460
2031 2936
1024 1000
1024 2426
2070 2901
1048 1048
1048 2474
2094 2950
1024 1082
1024 2508
2070 2983
985 1033
985 2460
2031 2935
1025 1000
1025 2427
2070 2902
1049 1049
1049 2475
2095 2950
1025 1083
1025 2509
2070 2984
986 1034
986 2460
2032 2936
1024 1001
1024 2427
2070 2903
1048 1049
1048 2475
2094 2951
1024 1083
1024 2509
2070 2985
985 1035
985 2461
2031 2936
1023 1000
1023 2426
2069 2902
1048 1048
1048 2475
2094 2950
1023 1082
1023 2509
2069 2984
985 1034
985 2460
2031 2936
1024 1000
2926 1475
2070 2901
1048 1048
2950 1523
2094 2950
1024 1082
2926 1557
2070 2983
985 1033
2887 1509
2031 2935
1024 1000
2926 1476
2070 2902
1049 1049
2950 1524
2095 2950
1024 1083
2926 1558
2070 2984
986 1034
2887 1510
2032 2936
1024 1001
2926 1476
2070 2903
1048 1049
2950 1525
2094 2951
1024 1083
2926 1559
2070 2985
985 1035
2887 1510
2031 2936
1023 1000
2925 1475
2069 2902
1048 1048
2949 1524
2094 2950
1023 1082
2925 1558
2069 2984
985 1034
2886 1509
2031 2936
1024 1000
2926 1475
1024 2426
1048 1048
2950 1523
1048 2474
1024 1082
2926 1557
1024 2508
985 1033
2887 1509
985 2460
1024 1000
2926 1476
1024 2427
1049 1049
2950 1524
1049 2475
1024 1083
2926 1558
1024 2509
986 1034
2887 1510
986 2460
1024 1001
2926 1476
1024 2427
1048 1049
2950 1525
1048 2475
1024 1083
2926 1559
1024 2509
985 1035
2887 1510
985 2461
1023 1000
2925 1475
1023 2426
1048 1048
2949 1524
1048 2475
1023 1082
2925 1558
1023 2509
985 1034
2886 1509
985 2460
2940 1480
1019 2440
2076 2921
2960 1519
1039 2479
2095 2960
2940 1546
1019 2506
2076 2987
2909 1507
988 2468
2045 2948
2941 1480
1019 2441
2076 2921
2960 1519
1039 2480
2096 2960
2941 1546
1019 2507
2076 2987
2909 1508
988 2468
2045 2948
2940 1481
1019 2441
2076 2921
2960 1520
1039 2480
2095 2960
2940 1547
1019 2507
2076 2988
2909 1508
988 2468
2045 2949
2940 1480
1019 2441
2075 2921
2959 1519
1038 2480
2095 2960
2940 1546
1019 2507
2075 2987
2909 1507
988 2468
2044 2948
1019 1000
1019 2440
2076 2921
1039 1038
1039 2479
2095 2960
1019 1066
1019 2506
2076 2987
988 1027
988 2468
2045 2948
1020 1000
1020 2441
2076 2921
1039 1039
1039 2480
2096 2960
1020 1066
1020 2507
2076 2987
988 1027
988 2468
2045 2948
1019 1000
1019 2441
2076 2921
1039 1039
1039 2480
2095 2960
1019 1067
1019 2507
2076 2988
988 1028
988 2468
2045 2949
1019 1000
1019 2441
2075 2921
1038 1039
1038 2480
2095 2960
1019 1066
1019 2507
2075 2987
988 1027
988 2468
2044 2948
1019 1000
2940 1480
2076 2921
1039 1038
2960 1519
2095 2960
1019 1066
2940 1546
2076 2987
988 1027
2909 1507
2045 2948
1019 1000
2941 1480
2076 2921
1039 1039
2960 1519
2096 2960
1019 1066
2941 1546
2076 2987
988 1027
2909 1508
2045 2948
1019 1000
2940 1481
2076 2921
1039 1039
2960 1520
2095 2960
1019 1067
2940 1547
2076 2988
988 1028
2909 1508
2045 2949
1019 1000
2940 1480
2075 2921
1038 1039
2959 1519
2095 2960
1019 1066
2940 1546
2075 2987
988 1027
2909 1507
2044 2948
1019 1000
2940 1480
1019 2440
1039 1038
2960 1519
1039 2479
1019 1066
2940 1546
1019 2506
988 1027
2909 1507
988 2468
1019 1000
2941 1480
1019 2441
1039 1039
2960 1519
1039 2480
1019 1066
2941 1546
1019 2507
988 1027
2909 1508
988 2468
1019 1000
2940 1481
1019 2441
1039 1039
2960 1520
1039 2480
1019 1067
2940 1547
1019 2507
988 1028
2909 1508
988 2468
1019 1000
2940 1480
1019 2441
1038 1039
2959 1519
1038 2480
1019 1066
2940 1546
1019 2507
988 1027
2909 1507
988 2468
2955 1485
1014 2455
2082 2940
2970 1514
1029 2484
2096 2970
2955 1535
1014 2505
2082 2990
2931 1505
991 2476
2058 2961
2955 1485
1014 2455
2082 2940
2970 1514
1029 2485
2097 2970
2955 1535
1014 2505
2082 2990
2932 1506
991 2476
2058 2961
2955 1485
1014 2455
2082 2941
2970 1515
1029 2485
2096 2970
2955 1535
1014 2505
2082 2991
2931 1506
991 2476
2058 2961
2955 1485
1014 2455
2081 2940
2969 1514
1029 2485
2096 2970
2955 1535
1014 2505
2081 2990
2931 1505
991 2476
2058 2961
1014 1000
1014 2455
2082 2940
1029 1029
1029 2484
2096 2970
1014 1049
1014 2505
2082 2990
991 1020
991 2476
2058 2961
1015 1000
1015 2455
2082 2940
1029 1029
1029 2485
2097 2970
1015 1050
1015 2505
2082 2990
991 1020
991 2476
2058 2961
1014 1000
1014 2455
2082 2941
1029 1029
1029 2485
2096 2970
1014 1050
1014 2505
2082 2991
991 1021
991 2476
2058 2961
1014 1000
1014 2455
2081 2940
1029 1029
1029 2485
2096 2970
1014 1050
1014 2505
2081 2990
991 1020
991 2476
2058 2961
1014 1000
2955 1485
2082 2940
1029 1029
2970 1514
2096 2970
1014 1049
2955 1535
2082 2990
991 1020
2931 1505
2058 2961
1014 1000
2955 1485
2082 2940
1029 1029
2970 1514
2097 2970
1014 1050
2955 1535
2082 2990
991 1020
2932 1506
2058 2961
1014 1000
2955 1485
2082 2941
1029 1029
2970 1515
2096 2970
1014 1050
2955 1535
2082 2991
991 1021
2931 1506
2058 2961
1014 1000
2955 1485
2081 2940
1029 1029
2969 1514
2096 2970
1014 1050
2955 1535
2081 2990
991 1020
2931 1505
2058 2961
1014 1000
2955 1485
1014 2455
1029 1029
2970 1514
1029 2484
1014 1049
2955 1535
1014 2505
991 1020
2931 1505
991 2476
1014 1000
2955 1485
1014 2455
1029 1029
2970 1514
1029 2485
1014 1050
2955 1535
1014 2505
991 1020
2932 1506
991 2476
1014 1000
2955 1485
1014 2455
1029 1029
2970 1515
1029 2485
1014 1050
2955 1535
1014 2505
991 1021
2931 1506
991 2476
1014 1000
2955 1485
1014 2455
1029 1029
2969 1514
1029 2485
1014 1050
2955 1535
1014 2505
991 1020
2931 1505
991 2476
2970 1490
1009 2470
2088 2960
2980 1509
1019 2489
2097 2980
2970 1523
1009 2503
2088 2993
2954 1503
994 2484
2072 2974
2970 1490
1009 2470
2088 2960
2980 1509
1019 2490
2098 2980
2970 1523
1009 2503
2088 2993
2954 1504
994 2484
2072 2974
2970 1490
1009 2470
2088 2960
2980 1510
1019 2490
2097 2980
2970 1523
1009 2503
2088 2994
2954 1504
994 2484
2072 2974
2970 1490
1009 2470
2087 2960
2979 1509
1019 2490
2097 2980
2970 1523
1009 2503
2087 2993
2954 1503
994 2484
2072 2974
1009 1000
1009 2470
2088 2960
1019 1019
1019 2489
2097 2980
1009 1033
1009 2503
2088 2993
994 1013
994 2484
2072 2974
1010 1000
1010 2470
2088 2960
1019 1019
1019 2490
2098 2980
1010 1033
1010 2503
2088 2993
994 1013
994 2484
2072 2974
1009 1000
1009 2470
2088 2960
1019 1019
1019 2490
2097 2980
1009 1033
1009 2503
2088 2994
994 1014
994 2484
2072 2974
1009 1000
1009 2470
2087 2960
1019 1019
1019 2490
2097 2980
1009 1033
1009 2503
2087 2993
994 1013
994 2484
2072 2974
1009 1000
2970 1490
2088 2960
1019 1019
2980 1509
2097 2980
1009 1033
2970 1523
2088 2993
994 1013
2954 1503
2072 2974
1009 1000
2970 1490
2088 2960
1019 1019
2980 1509
2098 2980
1009 1033
2970 1523
2088 2993
994 1013
2954 1504
2072 2974
1009 1000
2970 1490
2088 2960
1019 1019
2980 1510
2097 2980
1009 1033
2970 1523
2088 2994
994 1014
2954 1504
2072 2974
1009 1000
2970 1490
2087 2960
1019 1019
2979 1509
2097 2980
1009 1033
2970 1523
2087 2993
994 1013
2954 1503
2072 2974
1009 1000
2970 1490
1009 2470
1019 1019
2980 1509
1019 2489
1009 1033
2970 1523
1009 2503
994 1013
2954 1503
994 2484
1009 1000
2970 1490
1009 2470
1019 1019
2980 1509
1019 2490
1009 1033
2970 1523
1009 2503
994 1013
2954 1504
994 2484
1009 1000
2970 1490
1009 2470
1019 1019
2980 1510
1019 2490
1009 1033
2970 1523
1009 2503
994 1014
2954 1504
994 2484
1009 1000
2970 1490
1009 2470
1019 1019
2979 1509
1019 2490
1009 1033
2970 1523
1009 2503
994 1013
2954 1503
994 2484
2985 1495
1004 2485
2094 2980
2990 1504
1009 2494
2098 2990
2985 1511
1004 2501
2094 2996
2977 1501
997 2492
2086 2987
2985 1495
1004 2485
2094 2980
2990 1504
1009 2495
2099 2990
2985 1511
1004 2501
2094 2996
2977 1502
997 2492
2086 2987
2985 1495
1004 2485
2094 2980
2990 1505
1009 2495
2098 2990
2985 1511
1004 2501
2094 2997
2977 1502
997 2492
2086 2987
2985 1495
1004 2485
2093 2980
2989 1504
1009 2495
2098 2990
2985 1511
1004 2501
2093 2996
2977 1501
997 2492
2086 2987
1004 1000
1004 2485
2094 2980
1009 1009
1009 2494
2098 2990
1004 1016
1004 2501
2094 2996
997 1006
997 2492
2086 2987
1005 1000
1005 2485
2094 2980
1009 1009
1009 2495
2099 2990
1005 1016
1005 2501
2094 2996
997 1006
997 2492
2086 2987
1004 1000
1004 2485
2094 2980
1009 1009
1009 2495
2098 2990
1004 1016
1004 2501
2094 2997
997 1007
997 2492
2086 2987
1004 1000
1004 2485
2093 2980
1009 1009
1009 2495
2098 2990
1004 1016
1004 2501
2093 2996
997 1006
997 2492
2086 2987
1004 1000
2985 1495
2094 2980
1009 1009
2990 1504
2098 2990
1004 1016
2985 1511
2094 2996
997 1006
2977 1501
2086 2987
1004 1000
2985 1495
2094 2980
1009 1009
2990 1504
2099 2990
1004 1016
2985 1511
2094 2996
997 1006
2977 1502
2086 2987
1004 1000
2985 1495
2094 2980
1009 1009
2990 1505
2098 2990
1004 1016
2985 1511
2094 2997
997 1007
2977 1502
2086 2987
1004 1000
2985 1495
2093 2980
1009 1009
2989 1504
2098 2990
1004 1016
2985 1511
2093 2996
997 1006
2977 1501
2086 2987
1004 1000
2985 1495
1004 2485
1009 1009
2990 1504
1009 2494
1004 1016
2985 1511
1004 2501
997 1006
2977 1501
997 2492
1005 1000
2985 1495
1005 2485
1009 1009
2990 1504
1009 2495
1005 1016
2985 1511
1005 2501
997 1006
2977 1502
997 2492
1004 1000
2985 1495
1004 2485
1009 1009
2990 1505
1009 2495
1004 1016
2985 1511
1004 2501
997 1007
2977 1502
997 2492
1004 1000
2985 1495
1004 2485
1009 1009
2989 1504
1009 2495
1004 1016
2985 1511
1004 2501
997 1006
2977 1501
997 2492
3000 1500
1000 2500
2100 3000
3000 1500
1000 2500
2100 3000
3000 1500
1000 2500
2100 3000
3000 1500
1000 2500
2100 3000
3000 1500
1000 2500
2100 3000
3000 1500
1000 2500
2100 3000
3000 1500
1000 2500
2100 3000
3000 1500
1000 2500
2100 3000
3000 1500
1000 2500
2100 3000
3000 1500
1000 2500
2100 3000
3000 1500
1000 2500
2100 3000
3000 1500
1000 2500
2100 3000
3000 1500
1000 2500
2100 3000
3000 1500
1000 2500
2100 3000
3000 1500
1000 2500
2100 3000
3000 1500
1000 2500
2100 3000
1000 1000
1000 2500
2100 3000
1000 1000
1000 2500
2100 3000
1000 1000
1000 2500
2100 3000
1000 1000
1000 2500
2100 3000
1000 1000
1000 2500
2100 3000
1000 1000
1000 2500
2100 3000
1000 1000
1000 2500
2100 3000
1000 1000
1000 2500
2100 3000
1000 1000
1000 2500
2100 3000
1000 1000
1000 2500
2100 3000
1000 1000
1000 2500
2100 3000
1000 1000
1000 2500
2100 3000
1000 1000
1000 2500
2100 3000
1000 1000
1000 2500
2100 3000
1000 1000
1000 2500
2100 3000
1000 1000
1000 2500
2100 3000
1000 1000
3000 1500
2100 3000
1000 1000
3000 1500
2100 3000
1000 1000
3000 1500
2100 3000
1000 1000
3000 1500
2100 3000
1000 1000
3000 1500
2100 3000
1000 1000
3000 1500
2100 3000
1000 1000
3000 1500
2100 3000
1000 1000
3000 1500
2100 3000
1000 1000
3000 1500
2100 3000
1000 1000
3000 1500
2100 3000
1000 1000
3000 1500
2100 3000
1000 1000
3000 1500
2100 3000
1000 1000
3000 1500
2100 3000
1000 1000
3000 1500
2100 3000
1000 1000
3000 1500
2100 3000
1000 1000
3000 1500
2100 3000
1000 1000
3000 1500
1000 2500
1000 1000
3000 1500
1000 2500
1000 1000
3000 1500
1000 2500
1000 1000
3000 1500
1000 2500
1000 1000
3000 1500
1000 2500
1000 1000
3000 1500
1000 2500
1000 1000
3000 1500
1000 2500
1000 1000
3000 1500
1000 2500
1000 1000
3000 1500
1000 2500
1000 1000
3000 1500
1000 2500
1000 1000
3000 1500
1000 2500
1000 1000
3000 1500
1000 2500
1000 1000
3000 1500
1000 2500
1000 1000
3000 1500
1000 2500
1000 1000
3000 1500
1000 2500
1000 1000
3000 1500
1000 2500